{
 "cells": [
  {
   "cell_type": "code",
   "execution_count": 44,
   "metadata": {},
   "outputs": [],
   "source": [
    "import numpy as np\n",
    "from matplotlib import pyplot as plt\n",
    "import json\n",
    "from tqdm import tqdm\n",
    "import sys\n",
    "import corner\n",
    "\n",
    "sys.path.append(\"../\")\n",
    "\n",
    "import tdpy"
   ]
  },
  {
   "cell_type": "code",
   "execution_count": 35,
   "metadata": {},
   "outputs": [],
   "source": [
    "def gen_arr(config, bin=True, n=12000):\n",
    "    n_secondary = config[\"n_secondary\"]\n",
    "    l = bin*len(config[\"binary\"].keys()) + n_secondary*len(config[\"secondary_0\"].keys()) + 1\n",
    "    arr = np.zeros((n, l))*np.nan\n",
    "    keys = []\n",
    "    keys.append(\"m_star\")\n",
    "    for i in range(0, n_secondary):\n",
    "        for key in config[\"secondary_0\"].keys():\n",
    "            keys.append(f\"{i}/{key}\")\n",
    "    if bin:\n",
    "        for key in config[\"binary\"].keys():\n",
    "            keys.append(f\"bin/{key}\")\n",
    "    \n",
    "    return arr, keys\n",
    "\n",
    "\n",
    "\n",
    "\n",
    "def add_to_array(arr, config, keys, i, bin=True, n=12000):\n",
    "    if not np.any(arr):\n",
    "        arr, keys = gen_arr(config, bin=bin, n=n)\n",
    "        \n",
    "    n_secondary = config[\"n_secondary\"]\n",
    "    arr[i, 0] = config[\"m_star\"]\n",
    "    j = 1\n",
    "    \n",
    "    for k in range(0, n_secondary):\n",
    "        for key in config[\"secondary_0\"].keys():\n",
    "            arr[i, j] = config[f\"secondary_{k}\"][key]\n",
    "            j += 1\n",
    "    if bin:\n",
    "        for key in config[\"binary\"].keys():\n",
    "            arr[i, j] = config[\"binary\"][key]\n",
    "            j += 1\n",
    "    \n",
    "    return arr, keys\n",
    "    "
   ]
  },
  {
   "cell_type": "code",
   "execution_count": 65,
   "metadata": {},
   "outputs": [
    {
     "name": "stderr",
     "output_type": "stream",
     "text": [
      "100%|██████████| 11999/11999 [00:39<00:00, 300.95it/s]\n"
     ]
    }
   ],
   "source": [
    "dir = \"detailed_bin\"\n",
    "system = \"Kepler-220\"\n",
    "\n",
    "keys = None\n",
    "arr = None\n",
    "j = 0\n",
    "for i in tqdm(range(1, 12000)):\n",
    "    try:\n",
    "        with open(f\"../output/{dir}/{system}/{i}/config.json\") as f:\n",
    "            cfg = json.load(f)\n",
    "            arr, keys = add_to_array(arr, cfg, keys, j, bin=False)\n",
    "            j += 1\n",
    "    except Exception as e:\n",
    "        # print(e)\n",
    "        pass\n",
    "arr = arr[:j, :]"
   ]
  },
  {
   "cell_type": "code",
   "execution_count": 39,
   "metadata": {},
   "outputs": [
    {
     "data": {
      "text/plain": [
       "array([[ 0.71608011,  0.29178834,  0.05189799, ..., -0.20594897,\n",
       "        -1.18195949, -2.6288225 ],\n",
       "       [ 0.74678966,  0.30426087,  0.05031779, ...,  0.13610629,\n",
       "         1.52546569,  1.99312075],\n",
       "       [ 0.73195254,  0.37184102,  0.04995948, ...,  0.03809229,\n",
       "         0.84366879,  2.8836633 ],\n",
       "       ...,\n",
       "       [ 0.7220042 ,  0.29950687,  0.05344317, ..., -0.09203006,\n",
       "        -0.17052514, -3.13529919],\n",
       "       [ 0.71608011,  0.29178834,  0.05189799, ..., -0.20594897,\n",
       "        -1.18195949, -2.6288225 ],\n",
       "       [ 0.7220042 ,  0.29950687,  0.05344317, ..., -0.09203006,\n",
       "        -0.17052514, -3.13529919]])"
      ]
     },
     "execution_count": 39,
     "metadata": {},
     "output_type": "execute_result"
    }
   ],
   "source": [
    "arr"
   ]
  },
  {
   "cell_type": "code",
   "execution_count": 43,
   "metadata": {},
   "outputs": [
    {
     "data": {
      "text/plain": [
       "array([[ 1.00000000e+00,  5.41635239e-01, -1.07738785e-01,\n",
       "         6.35165627e-01, -2.53037241e-01, -7.14125461e-01,\n",
       "        -3.64664345e-01, -1.88025548e-02,  2.90762593e-03,\n",
       "        -1.93238101e-01, -6.40543814e-02,  3.79898320e-01,\n",
       "         4.53164381e-01,  9.92675719e-02,  2.37380002e-01,\n",
       "         3.19193983e-01,  5.55568030e-01, -4.14524322e-01,\n",
       "        -4.27133663e-01,  2.96825764e-01,  3.94108409e-01,\n",
       "         6.33819520e-01,  4.41356806e-01,  2.47444227e-01,\n",
       "         6.85421797e-01],\n",
       "       [ 5.41635239e-01,  1.00000000e+00, -3.26887043e-01,\n",
       "         5.29118937e-01, -2.66229050e-01, -6.56226425e-01,\n",
       "        -4.87305893e-01, -9.82144031e-02, -1.31139952e-01,\n",
       "        -9.73132108e-02,  6.75732177e-02,  3.57115175e-01,\n",
       "         6.32410219e-01, -9.51839432e-02,  1.33849857e-01,\n",
       "         2.39683258e-01,  1.56948788e-01, -2.87033685e-01,\n",
       "        -4.22716995e-01,  9.18351972e-02,  2.23744955e-01,\n",
       "         5.47196047e-01,  5.78519524e-01,  4.66841626e-01,\n",
       "         5.30476637e-01],\n",
       "       [-1.07738785e-01, -3.26887043e-01,  1.00000000e+00,\n",
       "         1.59129749e-01,  7.02701793e-01,  4.13440119e-01,\n",
       "         1.62753959e-01,  3.75936879e-01,  3.74371376e-01,\n",
       "        -4.59583062e-01,  2.16433268e-01,  5.24508036e-02,\n",
       "        -6.27933174e-01,  6.82683246e-01,  5.23378348e-01,\n",
       "        -1.59587956e-01,  1.24036416e-01, -1.56063604e-01,\n",
       "         3.09463737e-02,  6.43176474e-01, -4.23521169e-01,\n",
       "         1.24406936e-01, -5.11485022e-01, -5.07799777e-01,\n",
       "        -1.15836491e-01],\n",
       "       [ 6.35165627e-01,  5.29118937e-01,  1.59129749e-01,\n",
       "         1.00000000e+00,  1.33683144e-01, -4.40373918e-01,\n",
       "        -1.15421205e-01, -8.64380974e-02,  3.12326625e-01,\n",
       "        -3.84278920e-01,  2.01370745e-01,  5.64078192e-01,\n",
       "         2.37331081e-01,  3.66485336e-01,  5.31906083e-01,\n",
       "         2.90469917e-01,  1.74690317e-01, -2.94529665e-01,\n",
       "        -4.54794912e-01,  5.74434877e-01,  3.14904292e-02,\n",
       "         5.79900403e-01,  2.39321182e-02, -1.26599013e-01,\n",
       "         6.00844796e-01],\n",
       "       [-2.53037241e-01, -2.66229050e-01,  7.02701793e-01,\n",
       "         1.33683144e-01,  1.00000000e+00,  5.60326439e-01,\n",
       "         2.68466298e-01, -6.35470172e-03,  1.93063568e-01,\n",
       "        -4.25924989e-01, -2.75921122e-02, -1.00809625e-01,\n",
       "        -5.52483448e-01,  5.57673657e-01,  4.93713592e-01,\n",
       "        -5.35651023e-01,  4.19303853e-02, -8.75123863e-02,\n",
       "         3.17742199e-01,  5.96884498e-01, -6.13402537e-01,\n",
       "        -2.06852601e-01, -5.49769886e-01, -5.27251889e-01,\n",
       "        -4.67522098e-01],\n",
       "       [-7.14125461e-01, -6.56226425e-01,  4.13440119e-01,\n",
       "        -4.40373918e-01,  5.60326439e-01,  1.00000000e+00,\n",
       "         5.32110131e-01, -2.76401246e-01,  1.41185579e-01,\n",
       "         3.35000451e-02,  2.28970671e-02, -4.32287972e-01,\n",
       "        -6.51817457e-01,  1.04893536e-01, -3.31772179e-02,\n",
       "        -2.47769892e-01, -4.50415649e-01,  3.65414033e-01,\n",
       "         6.34572850e-01, -1.21128098e-01, -3.98579189e-01,\n",
       "        -7.65837782e-01, -6.81121986e-01, -4.55829995e-01,\n",
       "        -7.64890960e-01],\n",
       "       [-3.64664345e-01, -4.87305893e-01,  1.62753959e-01,\n",
       "        -1.15421205e-01,  2.68466298e-01,  5.32110131e-01,\n",
       "         1.00000000e+00, -3.22764554e-01,  4.09107939e-01,\n",
       "        -7.28461704e-02, -7.29704252e-02,  4.17559439e-02,\n",
       "        -6.03592516e-01,  1.19577558e-01,  1.78940993e-02,\n",
       "        -2.62325250e-02, -4.38401491e-01,  5.48535579e-01,\n",
       "         2.78116005e-01, -1.51112237e-01, -1.30654316e-01,\n",
       "        -6.02646584e-01, -6.96518033e-01, -6.50611665e-01,\n",
       "        -3.40035267e-01],\n",
       "       [-1.88025548e-02, -9.82144031e-02,  3.75936879e-01,\n",
       "        -8.64380974e-02, -6.35470172e-03, -2.76401246e-01,\n",
       "        -3.22764554e-01,  1.00000000e+00,  2.37980540e-01,\n",
       "        -3.81253150e-01,  2.49175696e-01,  2.73024526e-01,\n",
       "        -1.97336595e-01,  4.43340324e-01,  1.91204050e-01,\n",
       "        -2.85223209e-01,  2.80657196e-01, -1.40104093e-01,\n",
       "        -4.47765700e-01,  3.72389160e-01, -1.65139437e-01,\n",
       "         4.56144191e-01,  6.11378586e-02, -9.03217063e-02,\n",
       "         2.41759155e-01],\n",
       "       [ 2.90762593e-03, -1.31139952e-01,  3.74371376e-01,\n",
       "         3.12326625e-01,  1.93063568e-01,  1.41185579e-01,\n",
       "         4.09107939e-01,  2.37980540e-01,  1.00000000e+00,\n",
       "        -6.63852949e-01,  6.39772761e-01,  6.84102593e-01,\n",
       "        -5.47565848e-01,  4.30548665e-01,  6.28762085e-01,\n",
       "        -1.39840434e-01, -4.46467332e-01,  5.17218287e-01,\n",
       "        -4.95967216e-01,  2.34367794e-01,  1.23716198e-01,\n",
       "        -8.13835425e-02, -5.25478001e-01, -5.88273711e-01,\n",
       "         1.77300504e-01],\n",
       "       [-1.93238101e-01, -9.73132108e-02, -4.59583062e-01,\n",
       "        -3.84278920e-01, -4.25924989e-01,  3.35000451e-02,\n",
       "        -7.28461704e-02, -3.81253150e-01, -6.63852949e-01,\n",
       "         1.00000000e+00, -3.48959556e-01, -5.43736803e-01,\n",
       "         4.23009597e-01, -4.92132112e-01, -7.08874341e-01,\n",
       "         3.13214191e-01,  2.27732900e-02, -1.49120517e-01,\n",
       "         4.55777548e-01, -5.02179905e-01,  7.75619332e-02,\n",
       "        -1.71290934e-01,  2.77585722e-01,  4.37005708e-01,\n",
       "        -1.45123680e-01],\n",
       "       [-6.40543814e-02,  6.75732177e-02,  2.16433268e-01,\n",
       "         2.01370745e-01, -2.75921122e-02,  2.28970671e-02,\n",
       "        -7.29704252e-02,  2.49175696e-01,  6.39772761e-01,\n",
       "        -3.48959556e-01,  1.00000000e+00,  4.97458422e-01,\n",
       "        -2.58247924e-01,  1.06549843e-01,  4.45395106e-01,\n",
       "         9.12773400e-03, -5.66433806e-01,  3.88072766e-01,\n",
       "        -5.45725433e-01,  4.60445490e-05,  3.12409438e-01,\n",
       "         7.08928762e-02, -1.47226992e-01, -1.35737823e-01,\n",
       "         1.87408633e-01],\n",
       "       [ 3.79898320e-01,  3.57115175e-01,  5.24508036e-02,\n",
       "         5.64078192e-01, -1.00809625e-01, -4.32287972e-01,\n",
       "         4.17559439e-02,  2.73024526e-01,  6.84102593e-01,\n",
       "        -5.43736803e-01,  4.97458422e-01,  1.00000000e+00,\n",
       "         2.08353919e-02,  2.46841529e-01,  5.98658770e-01,\n",
       "         1.09406727e-01, -2.15210775e-01,  1.81144804e-01,\n",
       "        -8.74989597e-01,  2.59215157e-01,  2.48006743e-01,\n",
       "         3.92574733e-01,  3.71730741e-02, -1.46324958e-01,\n",
       "         7.07022838e-01],\n",
       "       [ 4.53164381e-01,  6.32410219e-01, -6.27933174e-01,\n",
       "         2.37331081e-01, -5.52483448e-01, -6.51817457e-01,\n",
       "        -6.03592516e-01, -1.97336595e-01, -5.47565848e-01,\n",
       "         4.23009597e-01, -2.58247924e-01,  2.08353919e-02,\n",
       "         1.00000000e+00, -4.24408494e-01, -3.06273907e-01,\n",
       "         3.89197334e-01,  3.32016689e-01, -5.25075111e-01,\n",
       "        -1.87815409e-01, -6.56852270e-02,  1.87475266e-01,\n",
       "         5.06586762e-01,  8.28961348e-01,  7.79504397e-01,\n",
       "         5.16373053e-01],\n",
       "       [ 9.92675719e-02, -9.51839432e-02,  6.82683246e-01,\n",
       "         3.66485336e-01,  5.57673657e-01,  1.04893536e-01,\n",
       "         1.19577558e-01,  4.43340324e-01,  4.30548665e-01,\n",
       "        -4.92132112e-01,  1.06549843e-01,  2.46841529e-01,\n",
       "        -4.24408494e-01,  1.00000000e+00,  4.08881409e-01,\n",
       "        -1.78687656e-01,  2.75832053e-01, -2.13473032e-01,\n",
       "        -8.46107630e-02,  7.18455762e-01, -5.80681210e-01,\n",
       "         3.14744360e-01, -5.05471620e-01, -6.25011942e-01,\n",
       "         6.53782823e-02],\n",
       "       [ 2.37380002e-01,  1.33849857e-01,  5.23378348e-01,\n",
       "         5.31906083e-01,  4.93713592e-01, -3.31772179e-02,\n",
       "         1.78940993e-02,  1.91204050e-01,  6.28762085e-01,\n",
       "        -7.08874341e-01,  4.45395106e-01,  5.98658770e-01,\n",
       "        -3.06273907e-01,  4.08881409e-01,  1.00000000e+00,\n",
       "        -2.71880225e-01, -7.59210105e-02,  4.40655028e-02,\n",
       "        -4.85713685e-01,  5.42745134e-01,  3.82253319e-02,\n",
       "         2.05951159e-01, -2.53264211e-01, -3.45837356e-01,\n",
       "         2.58302168e-01],\n",
       "       [ 3.19193983e-01,  2.39683258e-01, -1.59587956e-01,\n",
       "         2.90469917e-01, -5.35651023e-01, -2.47769892e-01,\n",
       "        -2.62325250e-02, -2.85223209e-01, -1.39840434e-01,\n",
       "         3.13214191e-01,  9.12773400e-03,  1.09406727e-01,\n",
       "         3.89197334e-01, -1.78687656e-01, -2.71880225e-01,\n",
       "         1.00000000e+00, -2.95848615e-02, -2.00026244e-01,\n",
       "        -1.62548778e-01, -1.92836361e-01,  2.82082519e-01,\n",
       "         3.55302750e-01,  2.10976303e-01,  2.37500602e-01,\n",
       "         5.15121718e-01],\n",
       "       [ 5.55568030e-01,  1.56948788e-01,  1.24036416e-01,\n",
       "         1.74690317e-01,  4.19303853e-02, -4.50415649e-01,\n",
       "        -4.38401491e-01,  2.80657196e-01, -4.46467332e-01,\n",
       "         2.27732900e-02, -5.66433806e-01, -2.15210775e-01,\n",
       "         3.32016689e-01,  2.75832053e-01, -7.59210105e-02,\n",
       "        -2.95848615e-02,  1.00000000e+00, -7.93468663e-01,\n",
       "         1.15086224e-01,  4.70230173e-01, -1.94199360e-01,\n",
       "         5.74817583e-01,  3.99491983e-01,  2.30299176e-01,\n",
       "         2.67689656e-01],\n",
       "       [-4.14524322e-01, -2.87033685e-01, -1.56063604e-01,\n",
       "        -2.94529665e-01, -8.75123863e-02,  3.65414033e-01,\n",
       "         5.48535579e-01, -1.40104093e-01,  5.17218287e-01,\n",
       "        -1.49120517e-01,  3.88072766e-01,  1.81144804e-01,\n",
       "        -5.25075111e-01, -2.13473032e-01,  4.40655028e-02,\n",
       "        -2.00026244e-01, -7.93468663e-01,  1.00000000e+00,\n",
       "        -8.95441614e-02, -5.12175037e-01,  3.29344145e-01,\n",
       "        -6.86366402e-01, -4.71801365e-01, -4.06369989e-01,\n",
       "        -3.55232985e-01],\n",
       "       [-4.27133663e-01, -4.22716995e-01,  3.09463737e-02,\n",
       "        -4.54794912e-01,  3.17742199e-01,  6.34572850e-01,\n",
       "         2.78116005e-01, -4.47765700e-01, -4.95967216e-01,\n",
       "         4.55777548e-01, -5.45725433e-01, -8.74989597e-01,\n",
       "        -1.87815409e-01, -8.46107630e-02, -4.85713685e-01,\n",
       "        -1.62548778e-01,  1.15086224e-01, -8.95441614e-02,\n",
       "         1.00000000e+00, -1.84075253e-01, -4.11974034e-01,\n",
       "        -5.70592541e-01, -2.80218132e-01, -9.11693692e-02,\n",
       "        -7.48059195e-01],\n",
       "       [ 2.96825764e-01,  9.18351972e-02,  6.43176474e-01,\n",
       "         5.74434877e-01,  5.96884498e-01, -1.21128098e-01,\n",
       "        -1.51112237e-01,  3.72389160e-01,  2.34367794e-01,\n",
       "        -5.02179905e-01,  4.60445490e-05,  2.59215157e-01,\n",
       "        -6.56852270e-02,  7.18455762e-01,  5.42745134e-01,\n",
       "        -1.92836361e-01,  4.70230173e-01, -5.12175037e-01,\n",
       "        -1.84075253e-01,  1.00000000e+00, -5.04334805e-01,\n",
       "         5.45281138e-01, -1.07779037e-01, -2.59020883e-01,\n",
       "         2.28801592e-01],\n",
       "       [ 3.94108409e-01,  2.23744955e-01, -4.23521169e-01,\n",
       "         3.14904292e-02, -6.13402537e-01, -3.98579189e-01,\n",
       "        -1.30654316e-01, -1.65139437e-01,  1.23716198e-01,\n",
       "         7.75619332e-02,  3.12409438e-01,  2.48006743e-01,\n",
       "         1.87475266e-01, -5.80681210e-01,  3.82253319e-02,\n",
       "         2.82082519e-01, -1.94199360e-01,  3.29344145e-01,\n",
       "        -4.11974034e-01, -5.04334805e-01,  1.00000000e+00,\n",
       "        -7.43300397e-04,  3.54920730e-01,  3.58267186e-01,\n",
       "         3.39249061e-01],\n",
       "       [ 6.33819520e-01,  5.47196047e-01,  1.24406936e-01,\n",
       "         5.79900403e-01, -2.06852601e-01, -7.65837782e-01,\n",
       "        -6.02646584e-01,  4.56144191e-01, -8.13835425e-02,\n",
       "        -1.71290934e-01,  7.08928762e-02,  3.92574733e-01,\n",
       "         5.06586762e-01,  3.14744360e-01,  2.05951159e-01,\n",
       "         3.55302750e-01,  5.74817583e-01, -6.86366402e-01,\n",
       "        -5.70592541e-01,  5.45281138e-01, -7.43300397e-04,\n",
       "         1.00000000e+00,  5.02855517e-01,  3.17679058e-01,\n",
       "         7.79938815e-01],\n",
       "       [ 4.41356806e-01,  5.78519524e-01, -5.11485022e-01,\n",
       "         2.39321182e-02, -5.49769886e-01, -6.81121986e-01,\n",
       "        -6.96518033e-01,  6.11378586e-02, -5.25478001e-01,\n",
       "         2.77585722e-01, -1.47226992e-01,  3.71730741e-02,\n",
       "         8.28961348e-01, -5.05471620e-01, -2.53264211e-01,\n",
       "         2.10976303e-01,  3.99491983e-01, -4.71801365e-01,\n",
       "        -2.80218132e-01, -1.07779037e-01,  3.54920730e-01,\n",
       "         5.02855517e-01,  1.00000000e+00,  8.74251347e-01,\n",
       "         4.82308696e-01],\n",
       "       [ 2.47444227e-01,  4.66841626e-01, -5.07799777e-01,\n",
       "        -1.26599013e-01, -5.27251889e-01, -4.55829995e-01,\n",
       "        -6.50611665e-01, -9.03217063e-02, -5.88273711e-01,\n",
       "         4.37005708e-01, -1.35737823e-01, -1.46324958e-01,\n",
       "         7.79504397e-01, -6.25011942e-01, -3.45837356e-01,\n",
       "         2.37500602e-01,  2.30299176e-01, -4.06369989e-01,\n",
       "        -9.11693692e-02, -2.59020883e-01,  3.58267186e-01,\n",
       "         3.17679058e-01,  8.74251347e-01,  1.00000000e+00,\n",
       "         3.10944553e-01],\n",
       "       [ 6.85421797e-01,  5.30476637e-01, -1.15836491e-01,\n",
       "         6.00844796e-01, -4.67522098e-01, -7.64890960e-01,\n",
       "        -3.40035267e-01,  2.41759155e-01,  1.77300504e-01,\n",
       "        -1.45123680e-01,  1.87408633e-01,  7.07022838e-01,\n",
       "         5.16373053e-01,  6.53782823e-02,  2.58302168e-01,\n",
       "         5.15121718e-01,  2.67689656e-01, -3.55232985e-01,\n",
       "        -7.48059195e-01,  2.28801592e-01,  3.39249061e-01,\n",
       "         7.79938815e-01,  4.82308696e-01,  3.10944553e-01,\n",
       "         1.00000000e+00]])"
      ]
     },
     "execution_count": 43,
     "metadata": {},
     "output_type": "execute_result"
    }
   ],
   "source": [
    "np.corrcoef(arr, rowvar=0)"
   ]
  },
  {
   "cell_type": "code",
   "execution_count": 66,
   "metadata": {},
   "outputs": [
    {
     "ename": "ValueError",
     "evalue": "It looks like the parameter(s) in column(s) 4 have no dynamic range. Please provide a `range` argument.",
     "output_type": "error",
     "traceback": [
      "\u001b[0;31m---------------------------------------------------------------------------\u001b[0m",
      "\u001b[0;31mValueError\u001b[0m                                Traceback (most recent call last)",
      "Cell \u001b[0;32mIn[66], line 1\u001b[0m\n\u001b[0;32m----> 1\u001b[0m \u001b[43mcorner\u001b[49m\u001b[38;5;241;43m.\u001b[39;49m\u001b[43mcorner\u001b[49m\u001b[43m(\u001b[49m\u001b[43marr\u001b[49m\u001b[43m[\u001b[49m\u001b[43m:\u001b[49m\u001b[43m,\u001b[49m\u001b[43m:\u001b[49m\u001b[38;5;241;43m5\u001b[39;49m\u001b[43m]\u001b[49m\u001b[43m)\u001b[49m\n",
      "File \u001b[0;32m~/.local/lib/python3.10/site-packages/corner/corner.py:248\u001b[0m, in \u001b[0;36mcorner\u001b[0;34m(data, bins, range, axes_scale, weights, color, hist_bin_factor, smooth, smooth1d, labels, label_kwargs, titles, show_titles, title_quantiles, title_fmt, title_kwargs, truths, truth_color, scale_hist, quantiles, verbose, fig, max_n_ticks, top_ticks, use_math_text, reverse, labelpad, hist_kwargs, group, var_names, filter_vars, coords, divergences, divergences_kwargs, labeller, **hist2d_kwargs)\u001b[0m\n\u001b[1;32m    236\u001b[0m     \u001b[39mif\u001b[39;00m (\n\u001b[1;32m    237\u001b[0m         var_names \u001b[39mis\u001b[39;00m \u001b[39mnot\u001b[39;00m \u001b[39mNone\u001b[39;00m\n\u001b[1;32m    238\u001b[0m         \u001b[39mor\u001b[39;00m filter_vars \u001b[39mis\u001b[39;00m \u001b[39mnot\u001b[39;00m \u001b[39mNone\u001b[39;00m\n\u001b[0;32m   (...)\u001b[0m\n\u001b[1;32m    242\u001b[0m         \u001b[39mor\u001b[39;00m labeller \u001b[39mis\u001b[39;00m \u001b[39mnot\u001b[39;00m \u001b[39mNone\u001b[39;00m\n\u001b[1;32m    243\u001b[0m     ):\n\u001b[1;32m    244\u001b[0m         logging\u001b[39m.\u001b[39mwarning(\n\u001b[1;32m    245\u001b[0m             \u001b[39m\"\u001b[39m\u001b[39mPlease install arviz to use the advanced features of corner\u001b[39m\u001b[39m\"\u001b[39m\n\u001b[1;32m    246\u001b[0m         )\n\u001b[0;32m--> 248\u001b[0m     \u001b[39mreturn\u001b[39;00m corner_impl(\n\u001b[1;32m    249\u001b[0m         data,\n\u001b[1;32m    250\u001b[0m         bins\u001b[39m=\u001b[39;49mbins,\n\u001b[1;32m    251\u001b[0m         \u001b[39mrange\u001b[39;49m\u001b[39m=\u001b[39;49m\u001b[39mrange\u001b[39;49m,\n\u001b[1;32m    252\u001b[0m         axes_scale\u001b[39m=\u001b[39;49maxes_scale,\n\u001b[1;32m    253\u001b[0m         weights\u001b[39m=\u001b[39;49mweights,\n\u001b[1;32m    254\u001b[0m         color\u001b[39m=\u001b[39;49mcolor,\n\u001b[1;32m    255\u001b[0m         hist_bin_factor\u001b[39m=\u001b[39;49mhist_bin_factor,\n\u001b[1;32m    256\u001b[0m         smooth\u001b[39m=\u001b[39;49msmooth,\n\u001b[1;32m    257\u001b[0m         smooth1d\u001b[39m=\u001b[39;49msmooth1d,\n\u001b[1;32m    258\u001b[0m         labels\u001b[39m=\u001b[39;49mlabels,\n\u001b[1;32m    259\u001b[0m         label_kwargs\u001b[39m=\u001b[39;49mlabel_kwargs,\n\u001b[1;32m    260\u001b[0m         titles\u001b[39m=\u001b[39;49mtitles,\n\u001b[1;32m    261\u001b[0m         show_titles\u001b[39m=\u001b[39;49mshow_titles,\n\u001b[1;32m    262\u001b[0m         title_quantiles\u001b[39m=\u001b[39;49mtitle_quantiles,\n\u001b[1;32m    263\u001b[0m         title_fmt\u001b[39m=\u001b[39;49mtitle_fmt,\n\u001b[1;32m    264\u001b[0m         title_kwargs\u001b[39m=\u001b[39;49mtitle_kwargs,\n\u001b[1;32m    265\u001b[0m         truths\u001b[39m=\u001b[39;49mtruths,\n\u001b[1;32m    266\u001b[0m         truth_color\u001b[39m=\u001b[39;49mtruth_color,\n\u001b[1;32m    267\u001b[0m         scale_hist\u001b[39m=\u001b[39;49mscale_hist,\n\u001b[1;32m    268\u001b[0m         quantiles\u001b[39m=\u001b[39;49mquantiles,\n\u001b[1;32m    269\u001b[0m         verbose\u001b[39m=\u001b[39;49mverbose,\n\u001b[1;32m    270\u001b[0m         fig\u001b[39m=\u001b[39;49mfig,\n\u001b[1;32m    271\u001b[0m         max_n_ticks\u001b[39m=\u001b[39;49mmax_n_ticks,\n\u001b[1;32m    272\u001b[0m         top_ticks\u001b[39m=\u001b[39;49mtop_ticks,\n\u001b[1;32m    273\u001b[0m         use_math_text\u001b[39m=\u001b[39;49muse_math_text,\n\u001b[1;32m    274\u001b[0m         reverse\u001b[39m=\u001b[39;49mreverse,\n\u001b[1;32m    275\u001b[0m         labelpad\u001b[39m=\u001b[39;49mlabelpad,\n\u001b[1;32m    276\u001b[0m         hist_kwargs\u001b[39m=\u001b[39;49mhist_kwargs,\n\u001b[1;32m    277\u001b[0m         \u001b[39m*\u001b[39;49m\u001b[39m*\u001b[39;49mhist2d_kwargs,\n\u001b[1;32m    278\u001b[0m     )\n\u001b[1;32m    280\u001b[0m \u001b[39mreturn\u001b[39;00m arviz_corner(\n\u001b[1;32m    281\u001b[0m     data,\n\u001b[1;32m    282\u001b[0m     bins\u001b[39m=\u001b[39mbins,\n\u001b[0;32m   (...)\u001b[0m\n\u001b[1;32m    316\u001b[0m     \u001b[39m*\u001b[39m\u001b[39m*\u001b[39mhist2d_kwargs,\n\u001b[1;32m    317\u001b[0m )\n",
      "File \u001b[0;32m~/.local/lib/python3.10/site-packages/corner/core.py:152\u001b[0m, in \u001b[0;36mcorner_impl\u001b[0;34m(xs, bins, range, axes_scale, weights, color, hist_bin_factor, smooth, smooth1d, labels, label_kwargs, titles, show_titles, title_fmt, title_kwargs, truths, truth_color, scale_hist, quantiles, title_quantiles, verbose, fig, max_n_ticks, top_ticks, use_math_text, reverse, labelpad, hist_kwargs, **hist2d_kwargs)\u001b[0m\n\u001b[1;32m    150\u001b[0m         m \u001b[39m=\u001b[39m np\u001b[39m.\u001b[39marray([e[\u001b[39m0\u001b[39m] \u001b[39m==\u001b[39m e[\u001b[39m1\u001b[39m] \u001b[39mfor\u001b[39;00m e \u001b[39min\u001b[39;00m \u001b[39mrange\u001b[39m], dtype\u001b[39m=\u001b[39m\u001b[39mbool\u001b[39m)\n\u001b[1;32m    151\u001b[0m         \u001b[39mif\u001b[39;00m np\u001b[39m.\u001b[39many(m):\n\u001b[0;32m--> 152\u001b[0m             \u001b[39mraise\u001b[39;00m \u001b[39mValueError\u001b[39;00m(\n\u001b[1;32m    153\u001b[0m                 (\n\u001b[1;32m    154\u001b[0m                     \u001b[39m\"\u001b[39m\u001b[39mIt looks like the parameter(s) in \u001b[39m\u001b[39m\"\u001b[39m\n\u001b[1;32m    155\u001b[0m                     \u001b[39m\"\u001b[39m\u001b[39mcolumn(s) \u001b[39m\u001b[39m{0}\u001b[39;00m\u001b[39m have no dynamic range. \u001b[39m\u001b[39m\"\u001b[39m\n\u001b[1;32m    156\u001b[0m                     \u001b[39m\"\u001b[39m\u001b[39mPlease provide a `range` argument.\u001b[39m\u001b[39m\"\u001b[39m\n\u001b[1;32m    157\u001b[0m                 )\u001b[39m.\u001b[39mformat(\n\u001b[1;32m    158\u001b[0m                     \u001b[39m\"\u001b[39m\u001b[39m, \u001b[39m\u001b[39m\"\u001b[39m\u001b[39m.\u001b[39mjoin(\u001b[39mmap\u001b[39m(\u001b[39m\"\u001b[39m\u001b[39m{0}\u001b[39;00m\u001b[39m\"\u001b[39m\u001b[39m.\u001b[39mformat, np\u001b[39m.\u001b[39marange(\u001b[39mlen\u001b[39m(m))[m]))\n\u001b[1;32m    159\u001b[0m                 )\n\u001b[1;32m    160\u001b[0m             )\n\u001b[1;32m    162\u001b[0m \u001b[39melse\u001b[39;00m:\n\u001b[1;32m    163\u001b[0m     force_range \u001b[39m=\u001b[39m \u001b[39mTrue\u001b[39;00m\n",
      "\u001b[0;31mValueError\u001b[0m: It looks like the parameter(s) in column(s) 4 have no dynamic range. Please provide a `range` argument."
     ]
    },
    {
     "data": {
